181 66
162 103
164 80
191 45
194 53
175 105
172 77
183 118
155 91
193 112
172 46
186 49
167 74
200 89
160 90
180 79
156 101
153 95
184 91
163 73
171 90
188 114
195 62
180 96
162 49
165 46
172 79
179 113
154 91
150 55
151 108
180 113
187 105
181 100
195 88
159 80
172 75
199 80
175 94
193 52
151 68
157 79
164 88
191 116
174 72
173 59
172 78
186 69
179 98
200 67
192 72
174 65
153 87
199 58
162 116
159 82
194 77
182 79
152 83
177 118
169 55
179 96
194 99
154 61
163 83
155 48
193 49
197 72
166 64
159 72
151 95
184 88
173 79
185 85
163 60
176 70
192 107
150 105
179 86
151 120
177 68
177 68
164 118
156 88
185 69
152 55
183 112
151 52
176 85
151 109
173 55
182 70
171 69
193 112
154 47
184 92
157 96
175 83
173 59
195 65